#N canvas 276 158 1428 899 12;
#N canvas 0 22 450 278 (subpatch) 0;
#X array saw 515 float 3;
#A 0 0 0.00194553 0.00389105 0.00583658 0.0077821 0.00972763 0.0116732
0.0136187 0.0155642 0.0175097 0.0194553 0.0214008 0.0233463 0.0252918
0.0272374 0.0291829 0.0311284 0.0330739 0.0350195 0.036965 0.0389105
0.040856 0.0428016 0.0447471 0.0466926 0.0486381 0.0505837 0.0525292
0.0544747 0.0564202 0.0583658 0.0603113 0.0622568 0.0642023 0.0661479
0.0680934 0.0700389 0.0719844 0.07393 0.0758755 0.077821 0.0797665
0.0817121 0.0836576 0.0856031 0.0875486 0.0894942 0.0914397 0.0933852
0.0953307 0.0972763 0.0992218 0.101167 0.103113 0.105058 0.107004 0.108949
0.110895 0.11284 0.114786 0.116732 0.118677 0.120623 0.122568 0.124514
0.126459 0.128405 0.13035 0.132296 0.134241 0.136187 0.138132 0.140078
0.142023 0.143969 0.145914 0.14786 0.149805 0.151751 0.153696 0.155642
0.157588 0.159533 0.161479 0.163424 0.16537 0.167315 0.169261 0.171206
0.173152 0.175097 0.177043 0.178988 0.180934 0.182879 0.184825 0.18677
0.188716 0.190661 0.192607 0.194553 0.196498 0.198444 0.200389 0.202335
0.20428 0.206226 0.208171 0.210117 0.212062 0.214008 0.215953 0.217899
0.219844 0.22179 0.223735 0.225681 0.227626 0.229572 0.231518 0.233463
0.235409 0.237354 0.2393 0.241245 0.243191 0.245136 0.247082 0.249027
0.250973 0.252918 0.254864 0.256809 0.258755 0.2607 0.262646 0.264591
0.266537 0.268482 0.270428 0.272374 0.274319 0.276265 0.27821 0.280156
0.282101 0.284047 0.285992 0.287938 0.289883 0.291829 0.293774 0.29572
0.297665 0.299611 0.301556 0.303502 0.305447 0.307393 0.309339 0.311284
0.31323 0.315175 0.317121 0.319066 0.321012 0.322957 0.324903 0.326848
0.328794 0.330739 0.332685 0.33463 0.336576 0.338521 0.340467 0.342412
0.344358 0.346303 0.348249 0.350195 0.35214 0.354086 0.356031 0.357977
0.359922 0.361868 0.363813 0.365759 0.367704 0.36965 0.371595 0.373541
0.375486 0.377432 0.379377 0.381323 0.383268 0.385214 0.38716 0.389105
0.391051 0.392996 0.394942 0.396887 0.398833 0.400778 0.402724 0.404669
0.406615 0.40856 0.410506 0.412451 0.414397 0.416342 0.418288 0.420233
0.422179 0.424125 0.42607 0.428016 0.429961 0.431907 0.433852 0.435798
0.437743 0.439689 0.441634 0.44358 0.445525 0.447471 0.449416 0.451362
0.453307 0.455253 0.457198 0.459144 0.461089 0.463035 0.464981 0.466926
0.468872 0.470817 0.472763 0.474708 0.476654 0.478599 0.480545 0.48249
0.484436 0.486381 0.488327 0.490272 0.492218 0.494163 0.496109 0.498054
0.5 0.501945 0.503891 0.505837 0.507782 0.509728 0.511673 0.513619
0.515564 0.51751 0.519455 0.521401 0.523346 0.525292 0.527237 0.529183
0.531128 0.533074 0.535019 0.536965 0.538911 0.540856 0.542802 0.544747
0.546693 0.548638 0.550584 0.552529 0.554475 0.55642 0.558366 0.560311
0.562257 0.564202 0.566148 0.568093 0.570039 0.571984 0.57393 0.575875
0.577821 0.579767 0.581712 0.583658 0.585603 0.587549 0.589494 0.59144
0.593385 0.595331 0.597276 0.599222 0.601167 0.603113 0.605058 0.607004
0.608949 0.610895 0.61284 0.614786 0.616732 0.618677 0.620623 0.622568
0.624514 0.626459 0.628405 0.63035 0.632296 0.634241 0.636187 0.638132
0.640078 0.642023 0.643969 0.645914 0.64786 0.649805 0.651751 0.653696
0.655642 0.657588 0.659533 0.661479 0.663424 0.66537 0.667315 0.669261
0.671206 0.673152 0.675097 0.677043 0.678988 0.680934 0.682879 0.684825
0.68677 0.688716 0.690661 0.692607 0.694553 0.696498 0.698444 0.700389
0.702335 0.70428 0.706226 0.708171 0.710117 0.712062 0.714008 0.715953
0.717899 0.719844 0.72179 0.723735 0.725681 0.727626 0.729572 0.731517
0.733463 0.735409 0.737354 0.7393 0.741245 0.743191 0.745136 0.747082
0.749027 0.750973 0.752918 0.754864 0.756809 0.758755 0.7607 0.762646
0.764591 0.766537 0.768483 0.770428 0.772374 0.774319 0.776265 0.77821
0.780156 0.782101 0.784047 0.785992 0.787938 0.789883 0.791829 0.793774
0.79572 0.797665 0.799611 0.801556 0.803502 0.805447 0.807393 0.809339
0.811284 0.81323 0.815175 0.817121 0.819066 0.821012 0.822957 0.824903
0.826848 0.828794 0.830739 0.832685 0.83463 0.836576 0.838521 0.840467
0.842412 0.844358 0.846304 0.848249 0.850195 0.85214 0.854086 0.856031
0.857977 0.859922 0.861868 0.863813 0.865759 0.867704 0.86965 0.871595
0.873541 0.875486 0.877432 0.879377 0.881323 0.883268 0.885214 0.88716
0.889105 0.891051 0.892996 0.894942 0.896887 0.898833 0.900778 0.902724
0.904669 0.906615 0.90856 0.910506 0.912451 0.914397 0.916342 0.918288
0.920233 0.922179 0.924125 0.92607 0.928016 0.929961 0.931907 0.933852
0.935798 0.937743 0.939689 0.941634 0.94358 0.945525 0.947471 0.949416
0.951362 0.953307 0.955253 0.957198 0.959144 0.961089 0.963035 0.964981
0.966926 0.968872 0.970817 0.972763 0.974708 0.976654 0.978599 0.980545
0.98249 0.984436 0.986381 0.988327 0.990272 0.992218 0.994163 0.996109
0.998055 1;
#X coords 0 1 515 0 200 140 1 0 0;
#X restore 541 116 graph;
#X floatatom 51 331 5 0 0 0 - - -;
#X obj 131 645 *~ 0.1;
#X obj 131 672 dac~;
#X floatatom 330 186 0 0 0 0 - - -;
#X obj 330 130 + 1;
#X msg 330 26 bang;
#X msg 239 84 stop;
#X obj 330 104 float;
#X obj 330 52 trigger bang bang;
#X msg 446 84 0;
#X text 367 25 <= click here to start;
#X obj 330 78 metro;
#X obj 330 158 - 1;
#X obj 203 575 tabwrite~ scope;
#N canvas 0 22 450 278 (subpatch) 0;
#X array scope 1000 float 3;
#A 0 -1 -1 -1 -1 -1 -1 -1 -1 -1 -1 -1 -1 -1 -1 -1 -1 -1 -1 -1 -1 -1
-1 -1 -1 -1 -1 -1 -1 -1 -1 -1 -1 -1 -1 -1 -1 -1 -1 -1 -1 -1 -1 -1 -1
-1 -1 -1 -1 -1 -1 -1 -1 -1 -1 -1 -1 -1 -1 -1 -1 -1 -1 -1 -1 -1 -1 -1
-1 -1 -1 -1 -1 -1 -1 -1 -1 -1 -1 -1 -1 -1 -1 -1 -1 -1 -1 -1 -1 -1 -1
-1 -1 -1 -1 -1 -1 -1 -1 -1 -1 -1 -1 -1 -1 -1 -1 -1 -1 -1 -1 -1 -1 -1
-1 -1 -1 -1 -1 -1 -1 -1 -1 -1 -1 -1 -1 -1 -1 -1 -1 -1 -1 -1 -1 -1 -1
-1 -1 -1 -1 -1 -1 -1 -1 -1 -1 -1 -1 -1 -1 -1 -1 -1 -1 -1 -1 -1 -1 -1
-1 -1 -1 -1 -1 -1 -1 -1 -1 -1 -1 -1 -1 -1 -1 -1 -1 -1 -1 -1 -1 -1 -1
-1 -1 -1 -1 -1 -1 -1 -1 -1 -1 -1 -1 -1 -1 -1 -1 -1 -1 -1 -1 -1 -1 -1
-1 -1 -1 -1 -1 -1 -1 -1 -1 -1 -1 -1 -1 -1 -1 -1 -1 -1 -1 -1 -1 -1 -1
-1 -1 -1 -1 -1 -1 -1 -1 -1 -1 -1 -1 -1 -1 -1 -1 -1 -1 -1 -1 -1 -1 -1
-1 -1 -1 -1 -1 -1 -1 -1 -1 -1 -1 -1 -1 -1 -1 -1 -1 -1 -1 -1 -1 -1 -1
-1 -1 -1 -1 -1 -1 -1 -1 -1 -1 -1 -1 -1 -1 -1 -1 -1 -1 -1 -1 -1 -1 -1
-1 -1 -1 -1 -1 -1 -1 -1 -1 -1 -1 -1 -1 -1 -1 -1 -1 -1 -1 -1 -1 -1 -1
-1 -1 -1 -1 -1 -1 -1 -1 -1 -1 -1 -1 -1 -1 -1 -1 -1 -1 -1 -1 -1 -1 -1
-1 -1 -1 -1 -1 -1 -1 -1 -1 -1 -1 -1 -1 -1 -1 -1 -1 -1 -1 -1 -1 -1 -1
-1 -1 -1 -1 -1 -1 -1 -1 -1 -1 -1 -1 -1 -1 -1 -1 -1 -1 -1 -1 -1 -1 -1
-1 -1 -1 -1 -1 -1 -1 -1 -1 -1 -1 -1 -1 -1 -1 -1 -1 -1 -1 -1 -1 -1 -1
-1 -1 -1 -1 -1 -1 -1 -1 -1 -1 -1 -1 -1 -1 -1 -1 -1 -1 -1 -1 -1 -1 -1
-1 -1 -1 -1 -1 -1 -1 -1 -1 -1 -1 -1 -1 -1 -1 -1 -1 -1 -1 -1 -1 -1 -1
-1 -1 -1 -1 -1 -1 -1 -1 -1 -1 -1 -1 -1 -1 -1 -1 -1 -1 -1 -1 -1 -1 -1
-1 -1 -1 -1 -1 -1 -1 -1 -1 -1 -1 -1 -1 -1 -1 -1 -1 -1 -1 -1 -1 -1 -1
-1 -1 -1 -1 -1 -1 -1 -1 -1 -1 -1 -1 -1 -1 -1 -1 -1 -1 -1 -1 -1 -1 -1
-1 -1 -1 -1 -1 -1 -1 -1 -1 -1 -1 -1 -1 -1 -1 -1 -1 -1 -1 -1 -1 -1 -1
-1 -1 -1 -1 -1 -1 -1 -1 -1 -1 -1 -1 -1 -1 -1 -1 -1 -1 -1 -1 -1 -1 -1
-1 -1 -1 -1 -1 -1 -1 -1 -1 -1 -1 -1 -1 -1 -1 -1 -1 -1 -1 -1 -1 -1 -1
-1 -1 -1 -1 -1 -1 -1 -1 -1 -1 -1 -1 -1 -1 -1 -1 -1 -1 -1 -1 -1 -1 -1
-1 -1 -1 -1 -1 -1 -1 -1 -1 -1 -1 -1 -1 -1 -1 -1 -1 -1 -1 -1 -1 -1 -1
-1 -1 -1 -1 -1 -1 -1 -1 -1 -1 -1 -1 -1 -1 -1 -1 -1 -1 -1 -1 -1 -1 -1
-1 -1 -1 -1 -1 -1 -1 -1 -1 -1 -1 -1 -1 -1 -1 -1 -1 -1 -1 -1 -1 -1 -1
-1 -1 -1 -1 -1 -1 -1 -1 -1 -1 -1 -1 -1 -1 -1 -1 -1 -1 -1 -1 -1 -1 -1
-1 -1 -1 -1 -1 -1 -1 -1 -1 -1 -1 -1 -1 -1 -1 -1 -1 -1 -1 -1 -1 -1 -1
-1 -1 -1 -1 -1 -1 -1 -1 -1 -1 -1 -1 -1 -1 -1 -1 -1 -1 -1 -1 -1 -1 -1
-1 -1 -1 -1 -1 -1 -1 -1 -1 -1 -1 -1 -1 -1 -1 -1 -1 -1 -1 -1 -1 -1 -1
-1 -1 -1 -1 -1 -1 -1 -1 -1 -1 -1 -1 -1 -1 -1 -1 -1 -1 -1 -1 -1 -1 -1
-1 -1 -1 -1 -1 -1 -1 -1 -1 -1 -1 -1 -1 -1 -1 -1 -1 -1 -1 -1 -1 -1 -1
-1 -1 -1 -1 -1 -1 -1 -1 -1 -1 -1 -1 -1 -1 -1 -1 -1 -1 -1 -1 -1 -1 -1
-1 -1 -1 -1 -1 -1 -1 -1 -1 -1 -1 -1 -1 -1 -1 -1 -1 -1 -1 -1 -1 -1 -1
-1 -1 -1 -1 -1 -1 -1 -1 -1 -1 -1 -1 -1 -1 -1 -1 -1 -1 -1 -1 -1 -1 -1
-1 -1 -1 -1 -1 -1 -1 -1 -1 -1 -1 -1 -1 -1 -1 -1 -1 -1 -1 -1 -1 -1 -1
-1 -1 -1 -1 -1 -1 -1 -1 -1 -1 -1 -1 -1 -1 -1 -1 -1 -1 -1 -1 -1 -1 -1
-1 -1 -1 -1 -1 -1 -1 -1 -1 -1 -1 -1 -1 -1 -1 -1 -1 -1 -1 -1 -1 -1 -1
-1 -1 -1 -1 -1 -1 -1 -1 -1 -1 -1 -1 -1 -1 -1 -1 -1 -1 -1 -1 -1 -1 -1
-1 -1 -1 -1 -1 -1 -1 -1 -1 -1 -1 -1 -1;
#X coords 0 1 1000 -1 200 140 1 0 0;
#X restore 70 695 graph;
#X obj 203 549 metro 50;
#X obj 203 528 tgl 15 0 empty empty empty 17 7 0 10 -262144 -1 -1 1
1;
#X floatatom 256 525 5 0 0 0 - - -;
#X obj 51 385 -~ 0.5;
#X obj 863 429 tabwrite tri;
#N canvas 0 22 450 278 (subpatch) 0;
#X array tri 515 float 3;
#A 0 0.00389105 0.0077821 0.0116732 0.0155642 0.0194553 0.0233463 0.0272374
0.0311284 0.0350195 0.0389105 0.0428016 0.0466926 0.0505837 0.0544747
0.0583658 0.0622568 0.0661479 0.0700389 0.07393 0.077821 0.0817121
0.0856031 0.0894942 0.0933852 0.0972763 0.101167 0.105058 0.108949
0.11284 0.116732 0.120623 0.124514 0.128405 0.132296 0.136187 0.140078
0.143969 0.14786 0.151751 0.155642 0.159533 0.163424 0.167315 0.171206
0.175097 0.178988 0.182879 0.18677 0.190661 0.194553 0.198444 0.202335
0.206226 0.210117 0.214008 0.217899 0.22179 0.225681 0.229572 0.233463
0.237354 0.241245 0.245136 0.249027 0.252918 0.256809 0.2607 0.264591
0.268483 0.272374 0.276265 0.280156 0.284047 0.287938 0.291829 0.29572
0.299611 0.303502 0.307393 0.311284 0.315175 0.319066 0.322957 0.326848
0.330739 0.33463 0.338521 0.342412 0.346304 0.350195 0.354086 0.357977
0.361868 0.365759 0.36965 0.373541 0.377432 0.381323 0.385214 0.389105
0.392996 0.396887 0.400778 0.404669 0.40856 0.412451 0.416342 0.420233
0.424125 0.428016 0.431907 0.435798 0.439689 0.44358 0.447471 0.451362
0.455253 0.459144 0.463035 0.466926 0.470817 0.474708 0.478599 0.48249
0.486381 0.490272 0.494163 0.498055 0.501945 0.505837 0.509728 0.513619
0.51751 0.521401 0.525292 0.529183 0.533074 0.536965 0.540856 0.544747
0.548638 0.552529 0.55642 0.560311 0.564202 0.568093 0.571984 0.575876
0.579767 0.583658 0.587549 0.59144 0.595331 0.599222 0.603113 0.607004
0.610895 0.614786 0.618677 0.622568 0.626459 0.63035 0.634241 0.638132
0.642023 0.645914 0.649805 0.653697 0.657588 0.661479 0.66537 0.669261
0.673152 0.677043 0.680934 0.684825 0.688716 0.692607 0.696498 0.700389
0.70428 0.708171 0.712062 0.715953 0.719844 0.723735 0.727626 0.731518
0.735409 0.7393 0.743191 0.747082 0.750973 0.754864 0.758755 0.762646
0.766537 0.770428 0.774319 0.77821 0.782101 0.785992 0.789883 0.793774
0.797665 0.801556 0.805447 0.809339 0.81323 0.817121 0.821012 0.824903
0.828794 0.832685 0.836576 0.840467 0.844358 0.848249 0.85214 0.856031
0.859922 0.863813 0.867704 0.871595 0.875486 0.879377 0.883268 0.88716
0.891051 0.894942 0.898833 0.902724 0.906615 0.910506 0.914397 0.918288
0.922179 0.92607 0.929961 0.933852 0.937743 0.941634 0.945525 0.949416
0.953307 0.957198 0.961089 0.964981 0.968872 0.972763 0.976654 0.980545
0.984436 0.988327 0.992218 0.996109 1 0.996109 0.992218 0.988327 0.984436
0.980545 0.976654 0.972763 0.968872 0.964981 0.961089 0.957198 0.953307
0.949416 0.945525 0.941634 0.937743 0.933852 0.929961 0.92607 0.922179
0.918288 0.914397 0.910506 0.906615 0.902724 0.898833 0.894942 0.891051
0.88716 0.883268 0.879377 0.875486 0.871595 0.867704 0.863813 0.859922
0.856031 0.85214 0.848249 0.844358 0.840467 0.836576 0.832685 0.828794
0.824903 0.821012 0.817121 0.81323 0.809339 0.805447 0.801556 0.797665
0.793774 0.789883 0.785992 0.782101 0.77821 0.774319 0.770428 0.766537
0.762646 0.758755 0.754864 0.750973 0.747082 0.743191 0.7393 0.735409
0.731518 0.727626 0.723735 0.719844 0.715953 0.712062 0.708171 0.70428
0.700389 0.696498 0.692607 0.688716 0.684825 0.680934 0.677043 0.673152
0.669261 0.66537 0.661479 0.657588 0.653697 0.649805 0.645914 0.642023
0.638132 0.634241 0.63035 0.626459 0.622568 0.618677 0.614786 0.610895
0.607004 0.603113 0.599222 0.595331 0.59144 0.587549 0.583658 0.579767
0.575876 0.571984 0.568093 0.564202 0.560311 0.55642 0.552529 0.548638
0.544747 0.540856 0.536965 0.533074 0.529183 0.525292 0.521401 0.51751
0.513619 0.509728 0.505837 0.501945 0.498055 0.494163 0.490272 0.486381
0.48249 0.478599 0.474708 0.470817 0.466926 0.463035 0.459144 0.455253
0.451362 0.447471 0.44358 0.439689 0.435798 0.431907 0.428016 0.424125
0.420233 0.416342 0.412451 0.40856 0.404669 0.400778 0.396887 0.392996
0.389105 0.385214 0.381323 0.377432 0.373541 0.36965 0.365759 0.361868
0.357977 0.354086 0.350195 0.346304 0.342412 0.338521 0.33463 0.330739
0.326848 0.322957 0.319066 0.315175 0.311284 0.307393 0.303502 0.299611
0.29572 0.291829 0.287938 0.284047 0.280156 0.276265 0.272374 0.268483
0.264591 0.2607 0.256809 0.252918 0.249027 0.245136 0.241245 0.237354
0.233463 0.229572 0.225681 0.22179 0.217899 0.214008 0.210117 0.206226
0.202335 0.198444 0.194553 0.190661 0.18677 0.182879 0.178988 0.175097
0.171206 0.167315 0.163424 0.159533 0.155642 0.151751 0.14786 0.143969
0.140078 0.136187 0.132296 0.128405 0.124514 0.120623 0.116732 0.11284
0.108949 0.105058 0.101167 0.0972763 0.0933852 0.0894942 0.0856031
0.0817121 0.077821 0.07393 0.0700389 0.0661479 0.0622568 0.0583658
0.0544747 0.0505837 0.0466926 0.0428016 0.0389105 0.0350195 0.0311284
0.0272374 0.0233463 0.0194553 0.0155642 0.0116732 0.0077821 0.00389105
0 -0.00389099;
#X coords 0 1 515 0 200 140 1 0 0;
#X restore 1076 119 graph;
#X floatatom 908 190 0 0 0 0 - - -;
#X obj 908 134 + 1;
#X msg 908 30 bang;
#X msg 817 88 stop;
#X obj 908 108 float;
#X obj 908 56 trigger bang bang;
#X msg 1024 88 0;
#X text 945 29 <= click here to start;
#X obj 908 82 metro;
#X obj 908 162 - 1;
#X obj 331 272 tabwrite saw;
#X obj 863 296 abs;
#X obj 863 272 * 1;
#X obj 863 344 * -1;
#X obj 863 368 + 0.5;
#X obj 863 392 * 2;
#X floatatom 187 338 5 0 0 0 - - -;
#X obj 187 392 -~ 0.5;
#X obj 187 361 tabosc4~ tri;
#X obj 51 354 tabosc4~ saw;
#X obj 131 488 +~;
#X floatatom 216 160 5 0 0 0 - - -;
#N canvas 0 22 450 278 (subpatch) 0;
#X array square 515 float 3;
#A 0 1 1 1 1 1 1 1 1 1 1 1 1 1 1 1 1 1 1 1 1 1 1 1 1 1 1 1 1 1 1 1
1 1 1 1 1 1 1 1 1 1 1 1 1 1 1 1 1 1 1 1 1 1 1 1 1 1 1 1 1 1 1 1 1 1
1 1 1 1 1 1 1 1 1 1 1 1 1 1 1 1 1 1 1 1 1 1 1 1 1 1 1 1 1 1 1 1 1 1
1 1 1 1 1 1 1 1 1 1 1 1 1 1 1 1 1 1 1 1 1 1 1 1 1 1 1 1 1 1 1 1 1 1
1 1 1 1 1 1 1 1 1 1 1 1 1 1 1 1 1 1 1 1 1 1 1 1 1 1 1 1 1 1 1 1 1 1
1 1 1 1 1 1 1 1 1 1 1 1 1 1 1 1 1 1 1 1 1 1 1 1 1 1 1 1 1 1 1 1 1 1
1 1 1 1 1 1 1 1 1 1 1 1 1 1 1 1 1 1 1 1 1 1 1 1 1 1 1 1 1 1 1 1 1 1
1 1 1 1 1 1 1 1 1 1 1 1 1 1 1 1 1 1 1 1 1 0 0 0 0 0 0 0 0 0 0 0 0 0
0 0 0 0 0 0 0 0 0 0 0 0 0 0 0 0 0 0 0 0 0 0 0 0 0 0 0 0 0 0 0 0 0 0
0 0 0 0 0 0 0 0 0 0 0 0 0 0 0 0 0 0 0 0 0 0 0 0 0 0 0 0 0 0 0 0 0 0
0 0 0 0 0 0 0 0 0 0 0 0 0 0 0 0 0 0 0 0 0 0 0 0 0 0 0 0 0 0 0 0 0 0
0 0 0 0 0 0 0 0 0 0 0 0 0 0 0 0 0 0 0 0 0 0 0 0 0 0 0 0 0 0 0 0 0 0
0 0 0 0 0 0 0 0 0 0 0 0 0 0 0 0 0 0 0 0 0 0 0 0 0 0 0 0 0 0 0 0 0 0
0 0 0 0 0 0 0 0 0 0 0 0 0 0 0 0 0 0 0 0 0 0 0 0 0 0 0 0 0 0 0 0 0 0
0 0 0 0 0 0 0 0 0 0 0 0 0 0 0 0 0 0 0 0 0 0 0 0 0 0 0 0 0 0 0 0 0 0
0 0 0 0 0 0 0 1;
#X coords 0 1 515 0 200 140 1 0 0;
#X restore 1091 570 graph;
#X floatatom 923 641 0 0 0 0 - - -;
#X obj 923 585 + 1;
#X msg 923 481 bang;
#X msg 832 539 stop;
#X obj 923 559 float;
#X obj 923 507 trigger bang bang;
#X msg 1039 539 0;
#X text 960 480 <= click here to start;
#X obj 923 533 metro;
#X obj 923 613 - 1;
#X obj 863 713 <= 256;
#X obj 878 880 tabwrite square;
#X floatatom 325 337 5 0 0 0 - - -;
#X obj 325 391 -~ 0.5;
#X obj 325 360 tabosc4~ square;
#X obj 131 512 +~;
#X obj 832 513 select 515;
#X obj 239 58 select 515;
#X obj 817 62 select 515;
#X obj 863 320 / 514;
#X obj 863 248 - 256;
#X obj 331 240 / 514;
#X floatatom 432 325 5 0 0 0 - - -;
#X floatatom 851 663 5 0 0 0 - - -;
#X obj 411 588 *~;
#X obj 411 612 cos~;
#X floatatom 433 552 5 0 0 0 - - -;
#X obj 51 458 *~;
#X floatatom 68 413 5 0 0 0 - - -;
#X obj 68 436 / 100;
#X obj 187 463 *~;
#X floatatom 204 418 5 0 0 0 - - -;
#X obj 204 441 / 100;
#X obj 325 466 *~;
#X floatatom 342 421 5 0 0 0 - - -;
#X obj 342 444 / 100;
#X obj 51 192 vsl 15 128 0 100 0 0 empty empty empty 0 -9 0 10 -262144
-1 -1 3100 1;
#X obj 74 192 vsl 15 128 0 100 0 0 empty empty empty 0 -9 0 10 -262144
-1 -1 9300 1;
#X obj 98 192 vsl 15 128 0 100 0 0 empty empty empty 0 -9 0 10 -262144
-1 -1 3200 1;
#N canvas 0 25 605 470 gadsr 0;
#X obj 9 412 inlet;
#X obj 24 314 inlet;
#X text 21 437 trigger;
#X obj 154 314 inlet;
#X obj 156 477 line~;
#X obj 289 316 inlet;
#X obj 426 321 inlet;
#X obj 566 321 inlet;
#X text 26 366 level;
#X obj 156 512 outlet~;
#X text 148 365 attack;
#X text 284 366 decay;
#X text 390 366 sustain;
#X text 536 374 release;
#X obj 460 480 snapshot~;
#X obj 460 452 metro 200;
#X msg 460 508 set \$1;
#X floatatom 475 13 5 0 0 0 - - -;
#X obj 15 286 f \$1;
#X obj 460 426 loadbang;
#X obj 13 233 loadbang;
#X obj 273 58 bng 15 250 50 0 empty empty empty 0 -6 0 8 -262144 -1
-1;
#X obj 346 63 bng 15 250 50 0 empty empty empty 0 -6 0 8 -262144 -1
-1;
#X msg 346 85 0;
#X obj 206 60 bng 15 250 50 0 empty empty empty 0 -6 0 8 -262144 -1
-1;
#X msg 206 81 1;
#X msg 273 83 -1;
#X obj 143 288 f \$2;
#X floatatom 143 342 4 0 0 0 - - -;
#N canvas 110 169 840 732 control 0;
#X obj 368 662 outlet;
#X obj 37 46 inlet;
#X obj 170 120 inlet;
#X obj 256 121 inlet;
#X text 74 12 trigger;
#X text 167 82 level;
#X text 392 640 to line~;
#X obj 42 332 pack;
#X obj 22 152 moses;
#X text 76 168 from;
#X text 78 180 here;
#X obj 13 199 t b b;
#X text 21 170 from;
#X text 23 182 zero;
#X msg 206 336 0;
#X obj 36 302 f;
#X text 245 84 attack time;
#X obj 373 120 inlet;
#X text 362 83 decay time;
#X obj 494 119 inlet;
#X text 478 85 sustain level;
#X obj 617 117 inlet;
#X text 610 86 release time;
#X text 471 472 DECAY;
#X obj 401 423 * 0.01;
#X obj 415 329 del;
#X obj 401 397 *;
#X obj 420 358 f;
#X obj 464 454 pack;
#X obj 624 346 pack;
#X obj 50 81 sel 0;
#X msg 80 120 stop;
#X obj 68 197 t b;
#X connect 1 0 30 0;
#X connect 2 0 15 1;
#X connect 2 0 26 1;
#X connect 3 0 7 1;
#X connect 3 0 25 0;
#X connect 7 0 0 0;
#X connect 8 0 11 0;
#X connect 8 1 32 0;
#X connect 11 0 15 0;
#X connect 11 1 14 0;
#X connect 14 0 0 0;
#X connect 15 0 7 0;
#X connect 17 0 28 1;
#X connect 19 0 27 1;
#X connect 21 0 29 1;
#X connect 24 0 28 0;
#X connect 25 0 27 0;
#X connect 26 0 24 0;
#X connect 27 0 26 0;
#X connect 28 0 0 0;
#X connect 29 0 0 0;
#X connect 30 0 31 0;
#X connect 30 0 29 0;
#X connect 30 1 8 0;
#X connect 31 0 25 0;
#X connect 32 0 15 0;
#X restore 135 395 pd control;
#X obj 280 288 f \$2;
#X obj 410 286 f \$2;
#X obj 543 286 f \$2;
#X floatatom 280 345 4 0 0 0 - - -;
#X floatatom 410 345 4 0 0 0 - - -;
#X floatatom 543 346 4 0 0 0 - - -;
#X obj 489 74 pack 0 20;
#X msg 495 110 0;
#X obj 489 47 t f b;
#X text 104 541 gadsr - arguments: level \, attack time \, decay time
\, sustain percentage \, release time;
#X floatatom 15 341 4 0 0 0 - - -;
#X connect 0 0 29 0;
#X connect 1 0 40 0;
#X connect 3 0 28 0;
#X connect 4 0 9 0;
#X connect 4 0 14 0;
#X connect 5 0 33 0;
#X connect 6 0 34 0;
#X connect 7 0 35 0;
#X connect 14 0 16 0;
#X connect 15 0 14 0;
#X connect 16 0 17 0;
#X connect 17 0 38 0;
#X connect 18 0 40 0;
#X connect 19 0 15 0;
#X connect 20 0 18 0;
#X connect 20 0 27 0;
#X connect 20 0 30 0;
#X connect 20 0 31 0;
#X connect 20 0 32 0;
#X connect 21 0 26 0;
#X connect 22 0 23 0;
#X connect 23 0 29 0;
#X connect 24 0 25 0;
#X connect 25 0 29 0;
#X connect 26 0 29 0;
#X connect 27 0 28 0;
#X connect 28 0 29 2;
#X connect 29 0 4 0;
#X connect 30 0 33 0;
#X connect 31 0 34 0;
#X connect 32 0 35 0;
#X connect 33 0 29 3;
#X connect 34 0 29 4;
#X connect 35 0 29 5;
#X connect 36 0 4 0;
#X connect 37 0 29 0;
#X connect 38 0 36 0;
#X connect 38 1 37 0;
#X connect 40 0 29 1;
#X restore 347 575 pd gadsr;
#X obj 131 543 *~;
#X obj 329 505 bng 15 250 50 0 empty empty empty 17 7 0 10 -262144
-1 -1;
#X floatatom 357 470 5 0 0 0 - - -;
#X floatatom 367 480 5 0 0 0 - - -;
#X floatatom 380 502 5 0 0 0 - - -;
#X floatatom 392 527 5 0 0 0 - - -;
#X floatatom 399 549 5 0 0 0 - - -;
#X obj 318 537 tgl 15 0 empty empty empty 17 7 0 10 -262144 -1 -1 0
1;
#X obj 132 616 cos~;
#X obj 131 567 -~ 0.5;
#X connect 1 0 41 0;
#X connect 2 0 3 0;
#X connect 2 0 3 1;
#X connect 4 0 32 1;
#X connect 4 0 66 0;
#X connect 5 0 8 1;
#X connect 5 0 13 0;
#X connect 5 0 62 0;
#X connect 6 0 9 0;
#X connect 7 0 12 0;
#X connect 8 0 5 0;
#X connect 9 0 12 0;
#X connect 9 1 10 0;
#X connect 10 0 8 1;
#X connect 12 0 8 0;
#X connect 13 0 4 0;
#X connect 16 0 14 0;
#X connect 17 0 16 0;
#X connect 18 0 16 1;
#X connect 19 0 72 0;
#X connect 22 0 20 1;
#X connect 22 0 65 0;
#X connect 23 0 26 1;
#X connect 23 0 31 0;
#X connect 23 0 63 0;
#X connect 24 0 27 0;
#X connect 25 0 30 0;
#X connect 26 0 23 0;
#X connect 27 0 30 0;
#X connect 27 1 28 0;
#X connect 28 0 26 1;
#X connect 30 0 26 0;
#X connect 31 0 22 0;
#X connect 33 0 64 0;
#X connect 34 0 33 0;
#X connect 35 0 36 0;
#X connect 36 0 37 0;
#X connect 37 0 20 0;
#X connect 38 0 40 0;
#X connect 39 0 75 0;
#X connect 40 0 39 0;
#X connect 41 0 19 0;
#X connect 42 0 60 0;
#X connect 43 0 40 1;
#X connect 43 0 41 1;
#X connect 43 0 59 1;
#X connect 45 0 55 0;
#X connect 45 0 56 1;
#X connect 46 0 49 1;
#X connect 46 0 54 0;
#X connect 46 0 61 0;
#X connect 47 0 50 0;
#X connect 48 0 53 0;
#X connect 49 0 46 0;
#X connect 50 0 53 0;
#X connect 50 1 51 0;
#X connect 51 0 49 1;
#X connect 53 0 49 0;
#X connect 54 0 45 0;
#X connect 55 0 56 0;
#X connect 57 0 59 0;
#X connect 58 0 78 0;
#X connect 59 0 58 0;
#X connect 60 0 85 0;
#X connect 61 0 48 0;
#X connect 62 0 7 0;
#X connect 63 0 25 0;
#X connect 64 0 35 0;
#X connect 65 0 34 0;
#X connect 66 0 32 0;
#X connect 67 0 59 1;
#X connect 68 0 55 1;
#X connect 68 0 47 0;
#X connect 69 0 70 0;
#X connect 71 0 69 1;
#X connect 72 0 42 0;
#X connect 73 0 74 0;
#X connect 74 0 72 1;
#X connect 75 0 42 1;
#X connect 76 0 77 0;
#X connect 77 0 75 1;
#X connect 78 0 60 1;
#X connect 79 0 80 0;
#X connect 80 0 78 1;
#X connect 81 0 73 0;
#X connect 82 0 76 0;
#X connect 83 0 79 0;
#X connect 84 0 85 1;
#X connect 85 0 94 0;
#X connect 86 0 84 0;
#X connect 87 0 84 1;
#X connect 88 0 84 2;
#X connect 89 0 84 3;
#X connect 90 0 84 4;
#X connect 91 0 84 5;
#X connect 92 0 84 0;
#X connect 93 0 14 0;
#X connect 93 0 2 0;
#X connect 94 0 93 0;
